count_1: 2.0 2.1166666666666667 2.816666666666667
count_2: 2.2333333333333334 5.45 9.283333333333333
disease: 4.35 4.716666666666667 4.766666666666667
double_count_1: 3.3 6.683333333333334 33.016666666666666
gravity_i: 3.433333333333333 3.566666666666667 3.933333333333333
gravity_ii: 8.733333333333333 9.083333333333334 12.75
gravity_iv: 5.55 6.166666666666667 9.233333333333333
lights: 4.666666666666667 4.883333333333334 7.0
paint: 8.566666666666666 8.816666666666666 17.55
sand: 11.483333333333333 11.833333333333334 13.4
