count_1: 0.9166666666666666 1.0166666666666666 1.5666666666666667
gravity_i: 1.7666666666666666 3.9 2.716666666666667
